# TargetP-2.0	Organism: Plant	Timestamp: 20211126170131
# ID	Prediction	noTP	SP	mTP	cTP	luTP	CS Position
Solyc00g500001.1.1	noTP	0.996570	0.003311	0.000076	0.000023	0.000019	
Solyc00g500002.1.1	noTP	0.977710	0.017615	0.003916	0.000447	0.000312	
Solyc00g500003.1.1	noTP	0.859828	0.000918	0.138103	0.001086	0.000065	
Solyc00g500004.1.1	noTP	0.975214	0.001132	0.022580	0.001066	0.000008	
Solyc00g500005.1.1	noTP	0.974074	0.025909	0.000005	0.000012	0.000000	
Solyc00g500006.1.1	noTP	0.595474	0.403605	0.000470	0.000434	0.000017	
Solyc00g500007.1.1	noTP	0.999815	0.000040	0.000135	0.000005	0.000006	
Solyc00g500008.1.1	noTP	0.960801	0.000087	0.033206	0.005743	0.000164	
Solyc00g500009.1.1	noTP	0.999796	0.000192	0.000005	0.000007	0.000000	
Solyc00g500010.1.1	noTP	0.683369	0.127318	0.023472	0.164526	0.001315	
Solyc00g500011.1.1	noTP	0.894380	0.080433	0.010475	0.014567	0.000144	
Solyc00g500012.1.1	noTP	0.976098	0.003469	0.020017	0.000040	0.000374	
Solyc00g500013.1.1	noTP	0.854530	0.099318	0.042631	0.003367	0.000154	
Solyc00g500014.1.1	noTP	0.791861	0.207872	0.000080	0.000128	0.000059	
Solyc00g500015.1.1	noTP	0.970751	0.001188	0.009454	0.018291	0.000316	
Solyc00g500016.1.1	noTP	0.972640	0.002810	0.007777	0.014675	0.002098	
Solyc00g500017.1.1	noTP	0.971688	0.028284	0.000027	0.000001	0.000000	
Solyc00g500018.1.1	noTP	0.950249	0.003284	0.029811	0.013659	0.002997	
Solyc00g014290.1.1	noTP	0.977236	0.022473	0.000252	0.000009	0.000031	
Solyc00g005280.1.1	noTP	0.961345	0.038049	0.000060	0.000347	0.000198	
Solyc00g500019.1.1	noTP	0.999746	0.000251	0.000002	0.000000	0.000000	
Solyc00g500020.1.1	noTP	0.510735	0.488136	0.000966	0.000121	0.000041	
Solyc00g500021.1.1	noTP	0.676747	0.321984	0.000801	0.000306	0.000161	
Solyc00g500022.1.1	noTP	0.975284	0.000076	0.024508	0.000111	0.000022	
Solyc00g180440.1.1	noTP	0.849524	0.000189	0.144700	0.005558	0.000029	
Solyc00g500023.1.1	noTP	0.999481	0.000380	0.000135	0.000001	0.000003	
Solyc00g500024.1.1	noTP	0.940970	0.024958	0.033205	0.000688	0.000179	
Solyc00g500025.1.1	SP	0.292111	0.547110	0.075662	0.084334	0.000784	CS pos: 25-26. TLP-YS. Pr: 0.1481
Solyc00g500026.1.1	noTP	0.630202	0.348430	0.019551	0.001648	0.000170	
Solyc00g500027.1.1	noTP	0.999953	0.000025	0.000020	0.000002	0.000001	
Solyc00g500028.1.1	noTP	0.803991	0.000121	0.001179	0.190361	0.004349	
Solyc00g500029.1.1	noTP	0.972937	0.010519	0.016021	0.000306	0.000217	
Solyc00g500030.1.1	noTP	0.908271	0.000870	0.040182	0.050320	0.000357	
Solyc00g500031.1.1	noTP	0.978441	0.000167	0.021241	0.000149	0.000003	
Solyc00g500032.1.1	noTP	0.908082	0.002640	0.076569	0.012695	0.000014	
Solyc00g500033.1.1	noTP	0.924820	0.011963	0.061266	0.001746	0.000205	
Solyc00g500034.1.1	noTP	0.999836	0.000109	0.000055	0.000000	0.000000	
Solyc00g500035.1.1	noTP	0.956622	0.000434	0.002953	0.039953	0.000039	
Solyc00g500036.1.1	noTP	0.612583	0.002464	0.001645	0.383098	0.000210	
Solyc00g500037.1.1	noTP	0.996530	0.000297	0.002705	0.000005	0.000464	
Solyc00g500038.1.1	noTP	0.994643	0.002007	0.002907	0.000438	0.000005	
Solyc00g500039.1.1	noTP	0.821415	0.000381	0.119384	0.058566	0.000254	
Solyc00g500040.1.1	noTP	0.997628	0.000325	0.001679	0.000362	0.000006	
Solyc00g500041.1.1	noTP	0.999977	0.000009	0.000014	0.000000	0.000000	
Solyc00g500042.1.1	noTP	0.999723	0.000149	0.000128	0.000001	0.000000	
Solyc00g500043.1.1	noTP	0.989432	0.002496	0.003319	0.004696	0.000058	
Solyc00g500044.1.1	noTP	0.821415	0.000381	0.119384	0.058566	0.000254	
Solyc00g500045.1.1	noTP	0.994643	0.002007	0.002907	0.000438	0.000005	
Solyc00g500046.1.1	noTP	0.996530	0.000297	0.002705	0.000005	0.000464	
Solyc00g500047.1.1	noTP	0.838920	0.000024	0.001821	0.159001	0.000235	
Solyc00g277510.1.1	noTP	0.821314	0.067699	0.101594	0.007154	0.002238	
Solyc00g500048.1.1	noTP	0.999949	0.000046	0.000005	0.000000	0.000000	
Solyc00g500049.1.1	noTP	0.966550	0.001162	0.031381	0.000867	0.000040	
Solyc00g500050.1.1	noTP	0.998091	0.001691	0.000215	0.000000	0.000002	
Solyc00g500051.1.1	noTP	0.991351	0.000049	0.002715	0.004925	0.000961	
Solyc00g500052.1.1	noTP	0.983974	0.000164	0.015839	0.000022	0.000002	
Solyc00g500053.1.1	noTP	0.998470	0.000712	0.000444	0.000363	0.000012	
Solyc00g500054.1.1	noTP	0.999994	0.000003	0.000002	0.000000	0.000000	
Solyc00g500055.1.1	noTP	0.999355	0.000155	0.000482	0.000005	0.000003	
Solyc00g500056.1.1	noTP	0.605606	0.001701	0.324623	0.008564	0.059506	
Solyc00g500057.1.1	noTP	0.989285	0.010626	0.000076	0.000006	0.000006	
Solyc00g500058.1.1	noTP	0.996111	0.003887	0.000002	0.000000	0.000000	
Solyc00g500059.1.1	noTP	0.874935	0.057201	0.067619	0.000144	0.000101	
Solyc00g500060.1.1	noTP	0.999301	0.000188	0.000506	0.000004	0.000001	
Solyc00g500061.1.1	noTP	0.820479	0.018669	0.160767	0.000062	0.000022	
Solyc00g500062.1.1	noTP	0.999195	0.000272	0.000025	0.000009	0.000499	
Solyc00g500063.1.1	noTP	0.999772	0.000182	0.000038	0.000008	0.000000	
Solyc00g500064.1.1	noTP	0.954152	0.034184	0.008322	0.003308	0.000034	
Solyc00g500065.1.1	noTP	0.993082	0.004820	0.002095	0.000002	0.000001	
Solyc00g500066.1.1	noTP	0.999076	0.000498	0.000425	0.000000	0.000001	
Solyc00g500067.1.1	noTP	0.510735	0.488136	0.000966	0.000121	0.000041	
Solyc00g500068.1.1	noTP	0.676747	0.321984	0.000801	0.000306	0.000161	
Solyc00g500069.1.1	noTP	0.918128	0.003917	0.061939	0.015760	0.000257	
Solyc00g500070.1.1	noTP	0.999568	0.000277	0.000151	0.000000	0.000004	
Solyc00g500071.1.1	noTP	0.940970	0.024958	0.033205	0.000688	0.000179	
Solyc00g500072.1.1	noTP	0.630202	0.348430	0.019551	0.001648	0.000170	
Solyc00g500073.1.1	noTP	0.987679	0.009398	0.002225	0.000612	0.000086	
Solyc00g500074.1.1	noTP	0.972937	0.010519	0.016021	0.000306	0.000217	
Solyc00g500075.1.1	noTP	0.908271	0.000870	0.040182	0.050320	0.000357	
Solyc00g500076.1.1	noTP	0.978441	0.000167	0.021241	0.000149	0.000003	
Solyc00g500077.1.1	noTP	0.908082	0.002640	0.076569	0.012695	0.000014	
Solyc00g500078.1.1	noTP	0.924820	0.011963	0.061266	0.001746	0.000205	
Solyc00g500079.1.1	noTP	0.956622	0.000434	0.002953	0.039953	0.000039	
Solyc00g500080.1.1	noTP	0.612583	0.002464	0.001645	0.383098	0.000210	
Solyc00g500081.1.1	noTP	0.996530	0.000297	0.002705	0.000005	0.000464	
Solyc00g500082.1.1	noTP	0.994643	0.002007	0.002907	0.000438	0.000005	
Solyc00g500083.1.1	noTP	0.821415	0.000381	0.119384	0.058566	0.000254	
Solyc00g500084.1.1	noTP	0.989432	0.002496	0.003319	0.004696	0.000058	
Solyc00g500085.1.1	noTP	0.999638	0.000310	0.000048	0.000003	0.000001	
Solyc00g500086.1.1	noTP	0.999980	0.000010	0.000010	0.000000	0.000000	
Solyc00g500087.1.1	noTP	0.999389	0.000515	0.000094	0.000001	0.000000	
Solyc00g500088.1.1	noTP	0.836211	0.024087	0.078593	0.006781	0.054328	
Solyc00g500089.1.1	noTP	0.997822	0.000666	0.001153	0.000259	0.000100	
Solyc00g500090.1.1	noTP	0.979214	0.000959	0.003026	0.013761	0.003041	
Solyc00g500091.1.1	noTP	0.998443	0.001543	0.000014	0.000000	0.000000	
Solyc00g011670.1.1	noTP	0.729250	0.045204	0.223225	0.002276	0.000045	
Solyc00g011660.1.1	noTP	0.999835	0.000045	0.000094	0.000026	0.000002	
Solyc00g500092.1.1	noTP	0.977692	0.000459	0.002527	0.018230	0.001092	
Solyc00g500093.1.1	noTP	0.672627	0.004460	0.322784	0.000011	0.000118	
Solyc00g500094.1.1	noTP	0.999676	0.000230	0.000070	0.000023	0.000000	
Solyc00g500095.1.1	noTP	0.999791	0.000173	0.000029	0.000006	0.000001	
Solyc00g500096.1.1	noTP	0.998443	0.001543	0.000014	0.000000	0.000000	
Solyc00g011560.1.1	noTP	0.999740	0.000082	0.000164	0.000002	0.000013	
Solyc00g500097.1.1	noTP	0.998579	0.000156	0.001259	0.000004	0.000002	
Solyc00g500098.1.1	noTP	0.999215	0.000365	0.000360	0.000049	0.000012	
Solyc00g500099.1.1	noTP	0.999360	0.000221	0.000413	0.000001	0.000006	
Solyc00g500100.1.1	noTP	0.998647	0.000323	0.001020	0.000009	0.000001	
Solyc00g500101.1.1	noTP	0.809137	0.188612	0.000074	0.000417	0.001760	
Solyc00g500102.1.1	noTP	0.999744	0.000194	0.000026	0.000036	0.000001	
Solyc00g153980.1.1	noTP	0.706877	0.261429	0.002984	0.021261	0.007449	
Solyc00g309530.1.1	noTP	0.728577	0.224265	0.045669	0.000276	0.001213	
Solyc00g164580.1.1	noTP	0.999907	0.000027	0.000033	0.000014	0.000019	
Solyc00g210860.1.1	noTP	0.962283	0.000299	0.034986	0.002373	0.000059	
Solyc00g025400.2.1	noTP	0.993914	0.006086	0.000001	0.000000	0.000000	
Solyc00g022070.1.1	noTP	0.541194	0.055055	0.393724	0.009753	0.000275	
Solyc00g022080.1.1	noTP	0.679877	0.167605	0.102912	0.049121	0.000485	
Solyc00g022090.1.1	noTP	0.891845	0.004203	0.003809	0.099194	0.000949	
Solyc00g022100.1.1	noTP	0.750957	0.000510	0.245111	0.003236	0.000186	
Solyc00g500103.1.1	noTP	0.656693	0.000045	0.343220	0.000041	0.000001	
Solyc00g072800.2.1	noTP	0.999899	0.000101	0.000001	0.000000	0.000000	
Solyc00g500104.1.1	noTP	0.627470	0.000400	0.001955	0.276849	0.093326	
Solyc00g500105.1.1	noTP	0.999955	0.000001	0.000004	0.000004	0.000036	
Solyc00g500106.1.1	noTP	0.999701	0.000290	0.000009	0.000000	0.000000	
Solyc00g500107.1.1	noTP	0.778837	0.000169	0.187702	0.033259	0.000033	
Solyc00g500108.1.1	noTP	0.927619	0.071123	0.000259	0.000957	0.000042	
Solyc00g281110.1.1	noTP	0.990253	0.000329	0.009367	0.000050	0.000000	
Solyc00g500109.1.1	noTP	0.925351	0.024358	0.036054	0.013512	0.000724	
Solyc00g500110.1.1	noTP	0.999977	0.000012	0.000009	0.000002	0.000000	
Solyc00g500111.1.1	noTP	0.999216	0.000197	0.000495	0.000001	0.000091	
Solyc00g500112.1.1	noTP	0.819333	0.001059	0.161122	0.017849	0.000638	
Solyc00g142160.1.1	noTP	0.504810	0.004896	0.346868	0.140370	0.003056	
Solyc00g142170.2.1	noTP	0.929481	0.012885	0.034175	0.021079	0.002379	
Solyc00g500113.1.1	noTP	0.900181	0.000974	0.098019	0.000770	0.000056	
Solyc00g500114.1.1	noTP	0.999642	0.000206	0.000125	0.000025	0.000002	
Solyc00g500115.1.1	noTP	0.873575	0.104536	0.019692	0.002051	0.000146	
Solyc00g500116.1.1	noTP	0.999323	0.000232	0.000438	0.000001	0.000006	
Solyc00g500117.1.1	noTP	0.999147	0.000276	0.000573	0.000003	0.000001	
Solyc00g500118.1.1	noTP	0.809137	0.188612	0.000074	0.000417	0.001760	
Solyc00g500119.1.1	noTP	0.999744	0.000194	0.000026	0.000036	0.000001	
Solyc00g500120.1.1	noTP	0.566366	0.420487	0.006629	0.005540	0.000978	
Solyc00g500121.1.1	noTP	0.955308	0.037708	0.006606	0.000073	0.000305	
Solyc00g015600.1.1	noTP	0.491430	0.404308	0.090823	0.008827	0.004612	
Solyc00g500122.1.1	noTP	0.987085	0.005940	0.005704	0.001131	0.000141	
Solyc00g007330.1.1	noTP	0.996173	0.002112	0.000571	0.001106	0.000037	
Solyc00g007340.1.1	noTP	0.804368	0.001388	0.101961	0.011123	0.081160	
Solyc00g007350.1.1	noTP	0.999843	0.000019	0.000116	0.000014	0.000008	
Solyc00g500123.1.1	noTP	0.999980	0.000010	0.000010	0.000000	0.000000	
Solyc00g500124.1.1	noTP	0.999389	0.000515	0.000094	0.000001	0.000000	
Solyc00g500125.1.1	noTP	0.999986	0.000008	0.000006	0.000000	0.000000	
Solyc00g500126.1.1	noTP	0.989432	0.002496	0.003319	0.004696	0.000058	
Solyc00g500127.1.1	noTP	0.994643	0.002007	0.002907	0.000438	0.000005	
Solyc00g500128.1.1	noTP	0.996530	0.000297	0.002705	0.000005	0.000464	
Solyc00g500129.1.1	noTP	0.999605	0.000380	0.000004	0.000006	0.000005	
Solyc00g500130.1.1	noTP	0.989795	0.002082	0.005384	0.001651	0.001088	
Solyc00g500131.1.1	noTP	0.999949	0.000046	0.000005	0.000000	0.000000	
Solyc00g500132.1.1	noTP	0.966550	0.001162	0.031381	0.000867	0.000040	
Solyc00g500133.1.1	noTP	0.998091	0.001691	0.000215	0.000000	0.000002	
Solyc00g500134.1.1	noTP	0.991889	0.000396	0.007688	0.000025	0.000003	
Solyc00g500135.1.1	noTP	0.983974	0.000164	0.015839	0.000022	0.000002	
Solyc00g500136.1.1	noTP	0.999994	0.000003	0.000002	0.000000	0.000000	
Solyc00g500137.1.1	noTP	0.999355	0.000155	0.000482	0.000005	0.000003	
Solyc00g500138.1.1	noTP	0.605606	0.001701	0.324623	0.008564	0.059506	
Solyc00g500139.1.1	noTP	0.998889	0.000274	0.000282	0.000475	0.000080	
Solyc00g500140.1.1	noTP	0.998441	0.000409	0.000484	0.000176	0.000490	
Solyc00g500141.1.1	noTP	0.759092	0.223728	0.015500	0.001518	0.000162	
Solyc00g500142.1.1	noTP	0.996367	0.003189	0.000434	0.000006	0.000004	
Solyc00g500143.1.1	noTP	0.999495	0.000222	0.000281	0.000002	0.000001	
Solyc00g500144.1.1	noTP	0.874935	0.057201	0.067619	0.000144	0.000101	
Solyc00g500145.1.1	noTP	0.973163	0.026834	0.000003	0.000000	0.000000	
Solyc00g500146.1.1	noTP	0.903443	0.000144	0.056376	0.039428	0.000609	
Solyc00g500147.1.1	noTP	0.891221	0.035451	0.065287	0.001775	0.006266	
Solyc00g500148.1.1	noTP	0.999471	0.000485	0.000039	0.000000	0.000004	
Solyc00g500149.1.1	noTP	0.999920	0.000042	0.000037	0.000000	0.000000	
Solyc00g500150.1.1	noTP	0.697451	0.047185	0.004025	0.250293	0.001047	
Solyc00g500151.1.1	noTP	0.952433	0.024044	0.018001	0.005047	0.000476	
Solyc00g500152.1.1	noTP	0.976757	0.000482	0.002400	0.020338	0.000023	
Solyc00g500153.1.1	noTP	0.961580	0.000211	0.025883	0.012259	0.000066	
Solyc00g500154.1.1	noTP	0.930472	0.002300	0.055953	0.011253	0.000024	
Solyc00g500155.1.1	noTP	0.985899	0.002049	0.011408	0.000642	0.000002	
Solyc00g500156.1.1	noTP	0.884298	0.000443	0.047410	0.066822	0.001026	
Solyc00g500157.1.1	noTP	0.985488	0.001634	0.012631	0.000156	0.000091	
Solyc00g500158.1.1	noTP	0.964274	0.000019	0.000300	0.020736	0.014671	
Solyc00g500159.1.1	noTP	0.985200	0.002857	0.000064	0.011759	0.000119	
Solyc00g500160.1.1	noTP	0.997907	0.001666	0.000375	0.000043	0.000009	
Solyc00g500161.1.1	noTP	0.999244	0.000568	0.000097	0.000090	0.000001	
Solyc00g500162.1.1	noTP	0.959190	0.000069	0.040215	0.000520	0.000007	
Solyc00g500163.1.1	noTP	0.866772	0.120806	0.000345	0.012071	0.000006	
Solyc00g500164.1.1	noTP	0.922498	0.021852	0.007094	0.047942	0.000614	
Solyc00g500165.1.1	noTP	0.999491	0.000487	0.000013	0.000008	0.000001	
Solyc00g112190.2.1	noTP	0.999568	0.000379	0.000037	0.000014	0.000001	
Solyc00g500166.1.1	noTP	0.999078	0.000655	0.000236	0.000026	0.000005	
Solyc00g500167.1.1	noTP	0.906914	0.000176	0.000255	0.064796	0.027859	
Solyc00g230080.1.1	noTP	0.568041	0.417833	0.006697	0.001103	0.006327	
Solyc00g316530.1.1	noTP	0.978790	0.021209	0.000000	0.000000	0.000000	
Solyc00g069880.2.1	noTP	0.999889	0.000106	0.000003	0.000001	0.000000	
Solyc00g500168.1.1	noTP	0.952264	0.002577	0.018899	0.000425	0.025835	
Solyc00g013100.1.1	SP	0.408529	0.590271	0.001091	0.000100	0.000008	CS pos: 34-35. FES-IF. Pr: 0.3850
Solyc00g013110.1.1	SP	0.449482	0.549903	0.000544	0.000020	0.000050	CS pos: 32-33. ILA-KA. Pr: 0.8475
Solyc00g126010.1.1	noTP	0.839415	0.158798	0.001787	0.000000	0.000000	
Solyc00g126000.1.1	SP	0.454730	0.535663	0.008631	0.000547	0.000430	CS pos: 25-26. VTA-RD. Pr: 0.6849
Solyc00g125990.1.1	noTP	0.995073	0.000045	0.000097	0.004430	0.000355	
Solyc00g125980.1.1	noTP	0.491585	0.072276	0.282721	0.052151	0.101266	
Solyc00g244300.1.1	noTP	0.609106	0.008466	0.000920	0.379273	0.002235	
Solyc00g244290.1.1	noTP	0.993562	0.001512	0.000358	0.000021	0.004547	
Solyc00g244280.1.1	noTP	0.899468	0.066363	0.033837	0.000259	0.000073	
Solyc00g500169.1.1	noTP	0.957680	0.011843	0.000445	0.001186	0.028845	
Solyc00g500170.1.1	noTP	0.996910	0.003015	0.000072	0.000002	0.000001	
Solyc00g013170.1.1	noTP	0.977097	0.002465	0.000292	0.020125	0.000021	
Solyc00g013180.1.1	noTP	0.979309	0.000332	0.000328	0.019540	0.000490	
Solyc00g500171.1.1	noTP	0.556088	0.421434	0.018059	0.001162	0.003257	
Solyc00g500172.1.1	noTP	0.987107	0.000411	0.005338	0.002805	0.004339	
Solyc00g320430.1.1	noTP	0.543639	0.107065	0.034283	0.313700	0.001314	
Solyc00g500173.1.1	SP	0.374344	0.429173	0.187002	0.003380	0.006101	CS pos: 26-27. SSS-KK. Pr: 0.3891
Solyc00g019750.1.1	noTP	0.882404	0.117403	0.000169	0.000008	0.000016	
Solyc00g019730.1.1	noTP	0.999937	0.000017	0.000034	0.000011	0.000001	
Solyc00g500174.1.1	noTP	0.993382	0.003034	0.003511	0.000058	0.000015	
Solyc00g500175.1.1	noTP	0.843648	0.000846	0.001237	0.152774	0.001494	
Solyc00g500176.1.1	noTP	0.904192	0.004448	0.077809	0.011502	0.002050	
Solyc00g500177.1.1	noTP	0.592211	0.190847	0.165630	0.051217	0.000096	
Solyc00g500178.1.1	noTP	0.997379	0.000408	0.000077	0.002129	0.000007	
Solyc00g500179.1.1	noTP	0.999981	0.000019	0.000000	0.000000	0.000000	
Solyc00g500180.1.1	noTP	0.985375	0.010164	0.003071	0.000945	0.000444	
Solyc00g500181.1.1	noTP	0.968955	0.001071	0.029297	0.000634	0.000043	
Solyc00g500182.1.1	noTP	0.999955	0.000001	0.000004	0.000004	0.000036	
Solyc00g118680.2.1	SP	0.279836	0.640569	0.076832	0.002699	0.000064	CS pos: 16-17. AYG-SI. Pr: 0.1968
Solyc00g118690.1.1	noTP	0.829377	0.042505	0.127972	0.000038	0.000108	
Solyc00g023600.1.1	noTP	0.955904	0.043628	0.000215	0.000161	0.000092	
Solyc00g023590.2.1	noTP	0.999877	0.000120	0.000003	0.000000	0.000001	
Solyc00g023580.1.1	noTP	0.733788	0.003957	0.255378	0.006469	0.000408	
Solyc00g023570.1.1	cTP	0.420785	0.041206	0.086448	0.446811	0.004750	CS pos: 58-59. VVA-ER. Pr: 0.4505
Solyc00g014860.1.1	noTP	0.906295	0.090959	0.002728	0.000016	0.000002	
Solyc00g014850.1.1	noTP	0.997490	0.000285	0.001445	0.000090	0.000691	
Solyc00g500183.1.1	noTP	0.999088	0.000631	0.000242	0.000038	0.000001	
Solyc00g500184.1.1	noTP	0.998572	0.000108	0.000398	0.000861	0.000060	
Solyc00g500185.1.1	noTP	0.990979	0.000274	0.000175	0.004921	0.003652	
Solyc00g014810.1.1	noTP	0.808626	0.188915	0.002280	0.000130	0.000049	
Solyc00g014800.1.1	noTP	0.999865	0.000002	0.000002	0.000131	0.000001	
Solyc00g014790.2.1	noTP	0.835544	0.002867	0.137577	0.016942	0.007071	
Solyc00g094550.1.1	noTP	0.885244	0.110706	0.003810	0.000183	0.000057	
Solyc00g094540.1.1	noTP	0.993291	0.006698	0.000011	0.000000	0.000000	
Solyc00g094530.1.1	noTP	0.615321	0.377663	0.006100	0.000597	0.000318	
Solyc00g094520.1.1	noTP	0.906666	0.065382	0.022154	0.003864	0.001933	
Solyc00g023700.2.1	noTP	0.982620	0.011323	0.005890	0.000148	0.000019	
Solyc00g023710.1.1	noTP	0.495465	0.456563	0.002496	0.045257	0.000219	
Solyc00g049210.1.1	noTP	0.973502	0.018788	0.001412	0.005827	0.000471	
Solyc00g049220.1.1	SP	0.235410	0.730380	0.033202	0.000858	0.000149	CS pos: 38-39. TDA-LR. Pr: 0.5592
Solyc00g500186.1.1	noTP	0.998816	0.000238	0.000730	0.000171	0.000044	
Solyc00g500187.1.1	noTP	0.606063	0.156878	0.035989	0.058705	0.142365	
Solyc00g500188.1.1	noTP	0.556088	0.421434	0.018059	0.001162	0.003257	
Solyc00g500189.1.1	noTP	0.987107	0.000411	0.005338	0.002805	0.004339	
Solyc00g021660.1.1	noTP	0.821165	0.083238	0.095211	0.000351	0.000036	
Solyc00g500190.1.1	noTP	0.998943	0.000105	0.000214	0.000505	0.000233	
Solyc00g500191.1.1	noTP	0.999943	0.000041	0.000015	0.000000	0.000000	
Solyc00g500192.1.1	noTP	0.999389	0.000515	0.000094	0.000001	0.000000	
Solyc00g500193.1.1	noTP	0.999980	0.000010	0.000010	0.000000	0.000000	
Solyc00g500194.1.1	mTP	0.283212	0.082552	0.603877	0.029546	0.000812	CS pos: 38-39. QGF-AT. Pr: 0.5295
Solyc00g500195.1.1	SP	0.434494	0.547177	0.013974	0.001448	0.002907	CS pos: 21-22. ALA-QK. Pr: 0.7801
Solyc00g500196.1.1	noTP	0.996800	0.000021	0.000081	0.003064	0.000033	
Solyc00g500197.1.1	noTP	0.994643	0.002007	0.002907	0.000438	0.000005	
Solyc00g500198.1.1	noTP	0.996530	0.000297	0.002705	0.000005	0.000464	
Solyc00g500199.1.1	noTP	0.999605	0.000380	0.000004	0.000006	0.000005	
Solyc00g500200.1.1	noTP	0.989795	0.002082	0.005384	0.001651	0.001088	
Solyc00g500201.1.1	noTP	0.999949	0.000046	0.000005	0.000000	0.000000	
Solyc00g500202.1.1	noTP	0.966550	0.001162	0.031381	0.000867	0.000040	
Solyc00g500203.1.1	noTP	0.998091	0.001691	0.000215	0.000000	0.000002	
Solyc00g500204.1.1	noTP	0.991889	0.000396	0.007688	0.000025	0.000003	
Solyc00g500205.1.1	noTP	0.983974	0.000164	0.015839	0.000022	0.000002	
Solyc00g500206.1.1	noTP	0.999994	0.000003	0.000002	0.000000	0.000000	
Solyc00g500207.1.1	noTP	0.999355	0.000155	0.000482	0.000005	0.000003	
Solyc00g500208.1.1	noTP	0.605606	0.001701	0.324623	0.008564	0.059506	
Solyc00g500209.1.1	noTP	0.989285	0.010626	0.000076	0.000006	0.000006	
Solyc00g500210.1.1	noTP	0.996111	0.003887	0.000002	0.000000	0.000000	
Solyc00g500211.1.1	noTP	0.874935	0.057201	0.067619	0.000144	0.000101	
Solyc00g500212.1.1	noTP	0.860568	0.000037	0.138306	0.001063	0.000025	
Solyc00g500213.1.1	noTP	0.996369	0.003564	0.000067	0.000000	0.000000	
Solyc00g500214.1.1	noTP	0.636813	0.001872	0.162720	0.191947	0.006648	
Solyc00g322630.1.1	noTP	0.980395	0.019551	0.000054	0.000000	0.000000	
Solyc00g500215.1.1	noTP	0.969314	0.025569	0.005010	0.000105	0.000001	
Solyc00g500216.1.1	noTP	0.999898	0.000099	0.000003	0.000000	0.000000	
Solyc00g500217.1.1	noTP	0.986685	0.000259	0.005685	0.000043	0.007329	
Solyc00g500218.1.1	noTP	0.999906	0.000078	0.000016	0.000000	0.000000	
Solyc00g266110.1.1	noTP	0.956073	0.043857	0.000070	0.000000	0.000000	
Solyc00g254910.1.1	noTP	0.999770	0.000208	0.000013	0.000005	0.000005	
Solyc00g500219.1.1	noTP	0.998438	0.000069	0.000361	0.001062	0.000069	
Solyc00g500220.1.1	noTP	0.999314	0.000142	0.000540	0.000002	0.000001	
Solyc00g500221.1.1	noTP	0.672821	0.001778	0.013778	0.307237	0.004386	
Solyc00g500222.1.1	noTP	0.999969	0.000030	0.000001	0.000000	0.000000	
Solyc00g198360.1.1	noTP	0.998747	0.000664	0.000554	0.000012	0.000023	
Solyc00g500223.1.1	noTP	0.991768	0.002078	0.006134	0.000010	0.000010	
Solyc00g036520.1.1	noTP	0.806906	0.185355	0.003675	0.003699	0.000365	
Solyc00g052540.1.1	noTP	0.999869	0.000113	0.000014	0.000004	0.000000	
Solyc00g052530.2.1	noTP	0.925042	0.074584	0.000371	0.000002	0.000000	
Solyc00g500224.1.1	noTP	0.476271	0.273271	0.078547	0.145255	0.026656	
Solyc00g047180.1.1	noTP	0.751175	0.193702	0.055009	0.000082	0.000032	
Solyc00g047190.1.1	noTP	0.647592	0.003894	0.235359	0.113035	0.000120	
Solyc00g047200.1.1	SP	0.234887	0.764449	0.000649	0.000012	0.000003	CS pos: 31-32. IGC-QP. Pr: 0.6000
Solyc00g500225.1.1	noTP	0.911233	0.088717	0.000049	0.000001	0.000000	
Solyc00g500226.1.1	noTP	0.972777	0.025782	0.000334	0.001092	0.000015	
Solyc00g500227.1.1	noTP	0.968955	0.001071	0.029297	0.000634	0.000043	
Solyc00g500228.1.1	noTP	0.679902	0.000044	0.320013	0.000040	0.000001	
Solyc00g500229.1.1	noTP	0.909560	0.088245	0.001915	0.000270	0.000011	
Solyc00g500230.1.1	noTP	0.863244	0.040505	0.020646	0.069812	0.005793	
Solyc00g500231.1.1	cTP	0.049602	0.234526	0.008027	0.706981	0.000864	CS pos: 42-43. LVC-GN. Pr: 0.4896
Solyc00g500232.1.1	noTP	0.834088	0.154907	0.007105	0.003769	0.000131	
Solyc00g500233.1.1	noTP	0.982635	0.017224	0.000029	0.000112	0.000001	
Solyc00g500234.1.1	noTP	0.998228	0.000181	0.001367	0.000216	0.000008	
Solyc00g500235.1.1	noTP	0.967230	0.000323	0.029727	0.002653	0.000068	
Solyc00g500236.1.1	noTP	0.998820	0.000197	0.000977	0.000002	0.000003	
Solyc00g500237.1.1	noTP	0.906592	0.008856	0.068056	0.003089	0.013408	
Solyc00g230070.1.1	mTP	0.316576	0.003799	0.677204	0.000513	0.001908	CS pos: 23-24. LAL-AG. Pr: 0.1751
Solyc00g230060.1.1	noTP	0.990145	0.000332	0.000284	0.002502	0.006738	
Solyc00g025300.1.1	noTP	0.673948	0.325274	0.000777	0.000001	0.000000	
Solyc00g025290.1.1	noTP	0.990798	0.002540	0.002084	0.004447	0.000130	
Solyc00g500238.1.1	noTP	0.938769	0.052659	0.007943	0.000559	0.000070	
Solyc00g020040.1.1	noTP	0.911924	0.036050	0.050286	0.000273	0.001467	
Solyc00g020030.1.1	noTP	0.806772	0.192841	0.000361	0.000023	0.000003	
Solyc00g020020.2.1	noTP	0.981872	0.001727	0.011766	0.004563	0.000071	
Solyc00g020010.1.1	noTP	0.986455	0.003917	0.007656	0.001950	0.000022	
Solyc00g020000.1.1	SP	0.231531	0.767052	0.001163	0.000208	0.000047	CS pos: 32-33. WLS-AP. Pr: 0.5162
Solyc00g019990.1.1	noTP	0.860887	0.138528	0.000571	0.000010	0.000003	
Solyc00g019980.2.1	noTP	0.873778	0.015624	0.105460	0.003730	0.001409	
Solyc00g019970.2.1	noTP	0.530572	0.037249	0.001256	0.429780	0.001143	
Solyc00g019950.1.1	noTP	0.999846	0.000079	0.000072	0.000000	0.000002	
Solyc00g500239.1.1	noTP	0.999749	0.000212	0.000038	0.000000	0.000000	
Solyc00g500240.1.1	noTP	0.649160	0.009220	0.334982	0.004928	0.001710	
Solyc00g500241.1.1	noTP	0.496225	0.228817	0.086517	0.178575	0.009867	
Solyc00g036530.1.1	SP	0.408990	0.497066	0.090711	0.001199	0.002033	CS pos: 27-28. VVS-LK. Pr: 0.1299
Solyc00g500242.1.1	noTP	0.996493	0.002042	0.000659	0.000755	0.000050	
Solyc00g500243.1.1	noTP	0.746255	0.034706	0.154603	0.020555	0.043881	
Solyc00g500244.1.1	noTP	0.809137	0.188612	0.000074	0.000417	0.001760	
Solyc00g500245.1.1	noTP	0.970808	0.000195	0.028626	0.000356	0.000015	
Solyc00g500246.1.1	noTP	0.994262	0.004857	0.000365	0.000270	0.000246	
Solyc00g007450.1.1	noTP	0.998956	0.000601	0.000417	0.000009	0.000016	
Solyc00g016590.1.1	noTP	0.959351	0.021219	0.007989	0.010927	0.000514	
Solyc00g028960.1.1	noTP	0.933519	0.042872	0.022038	0.001491	0.000080	
Solyc00g500247.1.1	noTP	0.999517	0.000409	0.000026	0.000046	0.000002	
Solyc00g500248.1.1	noTP	0.999619	0.000332	0.000038	0.000009	0.000002	
Solyc00g500249.1.1	noTP	0.975816	0.001146	0.013329	0.009385	0.000324	
Solyc00g500250.1.1	noTP	0.998816	0.000238	0.000730	0.000171	0.000044	
Solyc00g500251.1.1	noTP	0.606063	0.156878	0.035989	0.058705	0.142365	
Solyc00g500252.1.1	noTP	0.556088	0.421434	0.018059	0.001162	0.003257	
Solyc00g500253.1.1	noTP	0.987107	0.000411	0.005338	0.002805	0.004339	
Solyc00g021650.1.1	noTP	0.582781	0.255962	0.069962	0.064581	0.026713	
Solyc00g021640.2.1	noTP	0.999823	0.000034	0.000100	0.000042	0.000001	
Solyc00g021630.1.1	noTP	0.985334	0.000144	0.001559	0.007131	0.005831	
Solyc00g500254.1.1	noTP	0.831503	0.000068	0.166150	0.002273	0.000006	
Solyc00g181240.1.1	SP	0.420247	0.433294	0.145232	0.001208	0.000018	CS pos: 25-26. VTG-EI. Pr: 0.8169
Solyc00g181250.2.1	noTP	0.543026	0.005693	0.362564	0.088572	0.000146	
Solyc00g500255.1.1	noTP	0.920042	0.002001	0.014377	0.003444	0.060135	
Solyc00g500256.1.1	noTP	0.999821	0.000178	0.000001	0.000000	0.000000	
Solyc00g500257.1.1	noTP	0.996496	0.002796	0.000473	0.000227	0.000009	
Solyc00g500258.1.1	noTP	0.954102	0.043772	0.000357	0.000244	0.001525	
Solyc00g500259.1.1	noTP	0.994493	0.000053	0.001811	0.003638	0.000005	
Solyc00g500260.1.1	noTP	0.998093	0.000290	0.000013	0.000032	0.001572	
Solyc00g500261.1.1	noTP	0.936508	0.055183	0.007246	0.000958	0.000105	
Solyc00g500262.1.1	noTP	0.972777	0.025782	0.000334	0.001092	0.000015	
Solyc00g500263.1.1	noTP	0.968955	0.001071	0.029297	0.000634	0.000043	
Solyc00g500264.1.1	noTP	0.781191	0.185076	0.005058	0.028661	0.000014	
Solyc00g500265.1.1	noTP	0.939523	0.058555	0.001882	0.000026	0.000014	
Solyc00g500266.1.1	noTP	0.994013	0.003171	0.002792	0.000023	0.000001	
Solyc00g500267.1.1	mTP	0.394957	0.001575	0.588952	0.014450	0.000066	CS pos: 29-30. RRG-MT. Pr: 0.2386
Solyc00g500268.1.1	noTP	0.930641	0.000169	0.058345	0.009502	0.001343	
Solyc00g500269.1.1	noTP	0.998921	0.000900	0.000067	0.000102	0.000011	
Solyc00g500270.1.1	noTP	0.917531	0.002271	0.055468	0.023873	0.000857	
Solyc00g500271.1.1	noTP	0.999215	0.000365	0.000360	0.000049	0.000012	
Solyc00g500272.1.1	noTP	0.999360	0.000221	0.000413	0.000001	0.000006	
Solyc00g500273.1.1	noTP	0.976956	0.000290	0.021848	0.000894	0.000012	
Solyc00g500274.1.1	noTP	0.998647	0.000323	0.001020	0.000009	0.000001	
Solyc00g500275.1.1	noTP	0.809137	0.188612	0.000074	0.000417	0.001760	
Solyc00g500276.1.1	noTP	0.999744	0.000194	0.000026	0.000036	0.000001	
Solyc00g500277.1.1	noTP	0.996493	0.002042	0.000659	0.000755	0.000050	
Solyc00g052430.2.1	noTP	0.998687	0.000534	0.000736	0.000031	0.000012	
Solyc00g500278.1.1	noTP	0.989432	0.002496	0.003319	0.004696	0.000058	
Solyc00g500279.1.1	noTP	0.999987	0.000007	0.000006	0.000000	0.000000	
Solyc00g500280.1.1	noTP	0.999389	0.000515	0.000094	0.000001	0.000000	
Solyc00g500281.1.1	noTP	0.998733	0.001261	0.000004	0.000001	0.000000	
Solyc00g500282.1.1	noTP	0.972322	0.006586	0.009420	0.003358	0.008314	
Solyc00g500283.1.1	noTP	0.995771	0.003236	0.000372	0.000379	0.000242	
Solyc00g500284.1.1	noTP	0.996651	0.001466	0.000437	0.001122	0.000324	
Solyc00g500285.1.1	noTP	0.985480	0.014326	0.000153	0.000006	0.000036	
Solyc00g500286.1.1	noTP	0.999770	0.000208	0.000013	0.000005	0.000005	
Solyc00g500287.1.1	noTP	0.999675	0.000285	0.000039	0.000000	0.000000	
Solyc00g500288.1.1	noTP	0.995591	0.000304	0.000496	0.003588	0.000020	
Solyc00g500289.1.1	noTP	0.812249	0.187498	0.000224	0.000019	0.000009	
Solyc00g500290.1.1	noTP	0.996763	0.000501	0.002628	0.000092	0.000017	
Solyc00g500291.1.1	noTP	0.991889	0.000396	0.007688	0.000025	0.000003	
Solyc00g500292.1.1	noTP	0.998091	0.001691	0.000215	0.000000	0.000002	
Solyc00g500293.1.1	noTP	0.998409	0.000310	0.000755	0.000326	0.000200	
Solyc00g500294.1.1	noTP	0.999942	0.000048	0.000009	0.000001	0.000000	
Solyc00g500295.1.1	noTP	0.999949	0.000046	0.000005	0.000000	0.000000	
Solyc00g500296.1.1	noTP	0.989795	0.002082	0.005384	0.001651	0.001088	
Solyc00g500297.1.1	noTP	0.956622	0.000434	0.002953	0.039953	0.000039	
Solyc00g500298.1.1	noTP	0.612583	0.002464	0.001645	0.383098	0.000210	
Solyc00g500299.1.1	SP	0.098971	0.900969	0.000046	0.000003	0.000011	CS pos: 23-24. CGA-ND. Pr: 0.7751
Solyc00g500300.1.1	noTP	0.994643	0.002007	0.002907	0.000438	0.000005	
Solyc00g500301.1.1	noTP	0.821415	0.000381	0.119384	0.058566	0.000254	
Solyc00g500302.1.1	noTP	0.381415	0.335070	0.270332	0.006017	0.007166	
Solyc00g500303.1.1	noTP	0.999900	0.000014	0.000041	0.000018	0.000027	
Solyc00g500304.1.1	noTP	0.999760	0.000141	0.000099	0.000000	0.000000	
Solyc00g500305.1.1	noTP	0.474482	0.221116	0.288323	0.015663	0.000415	
Solyc00g500306.1.1	noTP	0.898795	0.089913	0.009948	0.001124	0.000219	
Solyc00g500307.1.1	noTP	0.999861	0.000060	0.000037	0.000042	0.000001	
Solyc00g500308.1.1	noTP	0.669665	0.006787	0.152562	0.011088	0.159898	
Solyc00g500309.1.1	noTP	0.994421	0.000340	0.005225	0.000013	0.000001	
Solyc00g500310.1.1	noTP	0.782166	0.215819	0.000101	0.000445	0.001469	
Solyc00g500311.1.1	noTP	0.997819	0.001732	0.000247	0.000197	0.000004	
Solyc00g500312.1.1	noTP	0.999996	0.000004	0.000000	0.000000	0.000000	
Solyc00g500313.1.1	noTP	0.998159	0.001535	0.000305	0.000002	0.000000	
Solyc00g500314.1.1	noTP	0.993634	0.000071	0.000136	0.005727	0.000432	
Solyc00g500315.1.1	noTP	0.988080	0.000052	0.006983	0.004834	0.000050	
Solyc00g500316.1.1	noTP	0.770614	0.003688	0.225308	0.000289	0.000100	
Solyc00g500317.1.1	noTP	0.999215	0.000365	0.000360	0.000049	0.000012	
Solyc00g500318.1.1	noTP	0.999360	0.000221	0.000413	0.000001	0.000006	
Solyc00g012540.1.1	SP	0.102126	0.896879	0.000821	0.000127	0.000048	CS pos: 27-28. SPS-IP. Pr: 0.3389
Solyc00g500319.1.1	noTP	0.999939	0.000046	0.000015	0.000000	0.000000	
Solyc00g500320.1.1	noTP	0.991889	0.000396	0.007688	0.000025	0.000003	
Solyc00g500321.1.1	SP	0.004086	0.804117	0.000444	0.191227	0.000126	CS pos: 27-28. GVG-QG. Pr: 0.3753
Solyc00g500322.1.1	noTP	0.996575	0.001027	0.000894	0.001498	0.000006	
Solyc00g500323.1.1	noTP	0.998091	0.001691	0.000215	0.000000	0.000002	
Solyc00g500324.1.1	noTP	0.989884	0.002485	0.004260	0.000548	0.002824	
Solyc00g500325.1.1	noTP	0.821415	0.000381	0.119384	0.058566	0.000254	
Solyc00g500326.1.1	noTP	0.994643	0.002007	0.002907	0.000438	0.000005	
Solyc00g500327.1.1	noTP	0.996530	0.000297	0.002705	0.000005	0.000464	
Solyc00g500328.1.1	noTP	0.999707	0.000211	0.000006	0.000043	0.000033	
Solyc00g500329.1.1	noTP	0.989795	0.002082	0.005384	0.001651	0.001088	
Solyc00g500330.1.1	noTP	0.999949	0.000046	0.000005	0.000000	0.000000	
Solyc00g500331.1.1	noTP	0.966550	0.001162	0.031381	0.000867	0.000040	
Solyc00g500332.1.1	noTP	0.998091	0.001691	0.000215	0.000000	0.000002	
Solyc00g500333.1.1	noTP	0.998922	0.000640	0.000286	0.000151	0.000001	
Solyc00g500334.1.1	SP	0.004086	0.804117	0.000444	0.191227	0.000126	CS pos: 27-28. GVG-QG. Pr: 0.3753
Solyc00g500335.1.1	noTP	0.899736	0.001922	0.003300	0.018185	0.076858	
Solyc00g500336.1.1	noTP	0.975213	0.020737	0.002479	0.001121	0.000450	
Solyc00g500337.1.1	noTP	0.986444	0.007575	0.003172	0.001271	0.001538	
Solyc00g500338.1.1	noTP	0.571305	0.036897	0.388872	0.002090	0.000836	
Solyc00g500339.1.1	noTP	0.959435	0.000468	0.038405	0.001596	0.000096	
Solyc00g500340.1.1	noTP	0.938769	0.052659	0.007943	0.000559	0.000070	
Solyc00g500341.1.1	noTP	0.910349	0.000169	0.089020	0.000248	0.000212	
Solyc00g500342.1.1	noTP	0.999929	0.000024	0.000017	0.000024	0.000006	
Solyc00g500343.1.1	noTP	0.789796	0.001046	0.208946	0.000208	0.000003	
Solyc00g500344.1.1	noTP	0.991364	0.008330	0.000003	0.000286	0.000017	
Solyc00g500345.1.1	noTP	0.998436	0.000707	0.000812	0.000039	0.000006	
Solyc00g500346.1.1	noTP	0.952264	0.002577	0.018899	0.000425	0.025835	
Solyc00g500347.1.1	noTP	0.943699	0.008849	0.045133	0.001339	0.000980	
Solyc00g500348.1.1	noTP	0.975816	0.001146	0.013329	0.009385	0.000324	
Solyc00g500349.1.1	noTP	0.998816	0.000238	0.000730	0.000171	0.000044	
Solyc00g500350.1.1	noTP	0.968955	0.001071	0.029297	0.000634	0.000043	
Solyc00g500351.1.1	noTP	0.622409	0.002131	0.002737	0.365195	0.007527	
Solyc00g500352.1.1	noTP	0.999946	0.000026	0.000024	0.000003	0.000000	
Solyc00g032030.1.1	noTP	0.989684	0.009606	0.000110	0.000193	0.000407	
Solyc00g500353.1.1	noTP	0.999781	0.000185	0.000029	0.000005	0.000001	
Solyc00g076250.1.1	noTP	0.639324	0.031283	0.278057	0.033611	0.017725	
Solyc00g500354.1.1	noTP	0.999650	0.000270	0.000078	0.000001	0.000001	
Solyc00g500355.1.1	noTP	0.808808	0.049933	0.137264	0.003812	0.000182	
Solyc00g500356.1.1	noTP	0.986090	0.000042	0.013755	0.000111	0.000003	
Solyc00g500357.1.1	noTP	0.952264	0.002577	0.018899	0.000425	0.025835	
Solyc00g500358.1.1	noTP	0.998436	0.000707	0.000812	0.000039	0.000006	
Solyc00g500359.1.1	noTP	0.809137	0.188612	0.000074	0.000417	0.001760	
Solyc00g500360.1.1	noTP	0.999744	0.000194	0.000026	0.000036	0.000001	
Solyc00g500361.1.1	noTP	0.999543	0.000218	0.000230	0.000001	0.000008	
Solyc00g500362.1.1	noTP	0.999996	0.000004	0.000000	0.000000	0.000000	
Solyc00g500363.1.1	noTP	0.999632	0.000330	0.000037	0.000000	0.000001	
Solyc00g500364.1.1	noTP	0.649160	0.009220	0.334982	0.004928	0.001710	
Solyc00g308530.1.1	noTP	0.946163	0.050342	0.002256	0.000921	0.000319	
Solyc00g284510.1.1	noTP	0.995035	0.000130	0.000139	0.003336	0.001359	
Solyc00g500365.1.1	noTP	0.999926	0.000072	0.000002	0.000000	0.000000	
Solyc00g500366.1.1	noTP	0.996853	0.001616	0.001514	0.000013	0.000004	
Solyc00g500367.1.1	noTP	0.451194	0.102148	0.300712	0.100934	0.045011	
Solyc00g500368.1.1	noTP	0.998401	0.000075	0.000137	0.001383	0.000004	
Solyc00g500369.1.1	noTP	0.988397	0.001039	0.005881	0.003120	0.001563	
Solyc00g500370.1.1	noTP	0.992485	0.001647	0.000126	0.005740	0.000001	
Solyc00g500371.1.1	noTP	0.999928	0.000043	0.000028	0.000001	0.000000	
Solyc00g500372.1.1	noTP	0.980850	0.000959	0.005084	0.012735	0.000372	
Solyc00g500373.1.1	noTP	0.999141	0.000809	0.000048	0.000001	0.000001	
Solyc00g500374.1.1	noTP	0.768925	0.138551	0.006819	0.085545	0.000160	
Solyc00g500375.1.1	noTP	0.998277	0.001199	0.000243	0.000278	0.000003	
Solyc00g006650.1.1	noTP	0.684160	0.078577	0.146493	0.085144	0.005626	
Solyc00g500376.1.1	noTP	0.989829	0.000304	0.009632	0.000043	0.000192	
Solyc00g500377.1.1	noTP	0.997073	0.002897	0.000019	0.000008	0.000004	
Solyc00g500378.1.1	noTP	0.725588	0.273152	0.000993	0.000184	0.000082	
Solyc00g500379.1.1	noTP	0.744206	0.059017	0.183418	0.012884	0.000475	
Solyc00g500380.1.1	noTP	0.967888	0.025869	0.005923	0.000314	0.000007	
Solyc00g500381.1.1	noTP	0.898244	0.101488	0.000231	0.000037	0.000000	
Solyc00g500382.1.1	SP	0.252956	0.635046	0.109597	0.002319	0.000081	CS pos: 19-20. TWS-DN. Pr: 0.2920
Solyc00g500383.1.1	noTP	0.969445	0.019000	0.003722	0.007765	0.000068	
Solyc00g500384.1.1	noTP	0.995077	0.004877	0.000018	0.000028	0.000000	
Solyc00g500385.1.1	noTP	0.832628	0.069520	0.094164	0.003306	0.000381	
Solyc00g500386.1.1	noTP	0.865589	0.083433	0.025877	0.025033	0.000067	
Solyc00g500387.1.1	noTP	0.958028	0.001638	0.019477	0.020674	0.000182	
Solyc00g500388.1.1	noTP	0.898931	0.100489	0.000069	0.000508	0.000003	
Solyc00g500389.1.1	noTP	0.901651	0.079077	0.003478	0.010852	0.004941	
Solyc00g500390.1.1	noTP	0.996833	0.001008	0.001730	0.000423	0.000005	
Solyc00g500391.1.1	noTP	0.736629	0.000217	0.212415	0.049973	0.000765	
Solyc00g500392.1.1	noTP	0.991912	0.008057	0.000008	0.000023	0.000001	
Solyc00g500393.1.1	noTP	0.991913	0.007667	0.000331	0.000082	0.000007	
Solyc00g500394.1.1	noTP	0.805490	0.016147	0.023763	0.132151	0.022450	
Solyc00g500395.1.1	noTP	0.858064	0.075072	0.006837	0.015025	0.045002	
Solyc00g500396.1.1	noTP	0.512576	0.002118	0.463513	0.007591	0.014203	
Solyc00g500397.1.1	noTP	0.999098	0.000879	0.000011	0.000012	0.000000	
Solyc00g500398.1.1	noTP	0.997809	0.002177	0.000001	0.000012	0.000000	
Solyc00g500399.1.1	noTP	0.993213	0.000838	0.000260	0.005679	0.000010	
Solyc00g500400.1.1	noTP	0.990379	0.009313	0.000015	0.000278	0.000015	
Solyc00g500401.1.1	noTP	0.989359	0.010617	0.000003	0.000021	0.000001	
Solyc00g500402.1.1	noTP	0.995677	0.003848	0.000256	0.000157	0.000062	
Solyc00g500403.1.1	noTP	0.957184	0.040500	0.000817	0.000978	0.000521	
Solyc00g007920.1.1	noTP	0.997063	0.001810	0.000164	0.000939	0.000024	
Solyc00g007940.1.1	noTP	0.975066	0.022190	0.000294	0.000123	0.002327	
Solyc00g007930.1.1	noTP	0.832133	0.047392	0.119371	0.000518	0.000586	
Solyc00g500404.1.1	noTP	0.933718	0.051625	0.013170	0.000630	0.000858	
Solyc00g500405.1.1	noTP	0.999285	0.000218	0.000489	0.000002	0.000006	
Solyc00g500406.1.1	noTP	0.999961	0.000025	0.000014	0.000000	0.000000	
Solyc00g500407.1.1	noTP	0.663647	0.323868	0.000237	0.012054	0.000194	
Solyc00g500408.1.1	noTP	0.832110	0.167255	0.000146	0.000468	0.000022	
Solyc00g500409.1.1	noTP	0.968046	0.000514	0.000043	0.031372	0.000024	
Solyc01g004000.1.1	noTP	0.961526	0.001164	0.000761	0.021468	0.015082	
Solyc01g004002.1.1	noTP	0.982046	0.014764	0.002898	0.000130	0.000163	
Solyc01g004004.1.1	noTP	0.990123	0.008517	0.001343	0.000016	0.000001	
Solyc01g004006.1.1	noTP	0.706705	0.003600	0.159933	0.127174	0.002588	
Solyc01g004008.1.1	noTP	0.987805	0.000645	0.002181	0.009295	0.000073	
Solyc01g005000.3.1	noTP	0.996560	0.003105	0.000269	0.000053	0.000013	
Solyc01g005010.4.1	noTP	0.998944	0.000196	0.000843	0.000013	0.000004	
Solyc01g005020.3.1	noTP	0.999936	0.000023	0.000025	0.000009	0.000007	
Solyc01g005030.4.1	noTP	0.999902	0.000086	0.000012	0.000000	0.000000	
Solyc01g005040.3.1	noTP	0.999894	0.000042	0.000038	0.000023	0.000004	
Solyc01g005050.4.1	noTP	0.991166	0.008066	0.000763	0.000003	0.000002	
Solyc01g005060.3.1	noTP	0.999902	0.000097	0.000001	0.000000	0.000000	
Solyc01g005070.3.1	mTP	0.122880	0.000081	0.876992	0.000039	0.000008	CS pos: 26-27. RRT-SF. Pr: 0.2374
Solyc01g005080.3.1	noTP	0.997408	0.000226	0.000419	0.001447	0.000501	
Solyc01g005090.3.1	noTP	0.969208	0.016558	0.014135	0.000055	0.000044	
Solyc01g005100.4.1	noTP	0.999648	0.000344	0.000006	0.000002	0.000000	
Solyc01g005110.3.1	SP	0.167578	0.831934	0.000475	0.000006	0.000007	CS pos: 24-25. LQT-ST. Pr: 0.4350
Solyc01g005120.3.1	SP	0.010768	0.989023	0.000115	0.000009	0.000085	CS pos: 18-19. GFS-RN. Pr: 0.4151
Solyc01g005130.2.1	noTP	0.999990	0.000010	0.000000	0.000000	0.000000	
Solyc01g005140.3.1	noTP	0.999241	0.000303	0.000260	0.000040	0.000157	
Solyc01g005150.3.1	noTP	0.999971	0.000021	0.000007	0.000000	0.000000	
Solyc01g005160.4.1	noTP	0.998807	0.000873	0.000318	0.000002	0.000001	
Solyc01g005210.4.1	noTP	0.999912	0.000067	0.000021	0.000000	0.000000	
Solyc01g005180.1.1	noTP	0.999477	0.000486	0.000037	0.000000	0.000000	
Solyc01g005220.3.1	noTP	0.999489	0.000471	0.000039	0.000001	0.000000	
Solyc01g005230.4.1	noTP	0.999295	0.000692	0.000014	0.000000	0.000000	
Solyc01g005240.4.1	cTP	0.006813	0.000003	0.000071	0.987891	0.005223	CS pos: 57-58. VCK-AQ. Pr: 0.2886
Solyc01g005250.4.1	cTP	0.123126	0.191836	0.125463	0.554767	0.004808	CS pos: 65-66. VRM-SL. Pr: 0.7841
Solyc01g005253.1.1	noTP	0.999880	0.000087	0.000028	0.000004	0.000000	
Solyc01g005257.1.1	noTP	0.999798	0.000114	0.000087	0.000001	0.000000	
Solyc01g005280.3.1	noTP	0.999614	0.000179	0.000203	0.000003	0.000000	
Solyc01g005290.4.1	noTP	0.999851	0.000110	0.000033	0.000006	0.000000	
Solyc01g005300.4.1	noTP	0.999900	0.000002	0.000098	0.000000	0.000000	
Solyc01g005310.3.1	noTP	0.957383	0.001423	0.035973	0.005175	0.000046	
Solyc01g005320.2.1	noTP	0.999202	0.000293	0.000124	0.000006	0.000375	
Solyc01g005330.3.1	noTP	0.999995	0.000002	0.000002	0.000000	0.000000	
Solyc01g005340.3.1	noTP	0.993990	0.001628	0.004373	0.000006	0.000003	
Solyc01g005350.4.1	noTP	0.998400	0.001582	0.000010	0.000003	0.000004	
Solyc01g005360.4.1	noTP	0.999364	0.000590	0.000045	0.000000	0.000001	
Solyc01g005370.3.1	noTP	0.998103	0.000146	0.001741	0.000006	0.000004	
Solyc01g005380.3.1	noTP	0.398045	0.001075	0.314205	0.282634	0.004042	
Solyc01g005390.3.1	noTP	0.721919	0.000458	0.277070	0.000524	0.000028	
Solyc01g005400.3.1	noTP	0.999924	0.000073	0.000001	0.000000	0.000001	
Solyc01g005410.4.1	noTP	0.997864	0.000526	0.000071	0.000214	0.001326	
